210.8331756591797
113.70215606689453
75.32511138916016
68.59194946289062
65.98696899414062
60.58325958251953
57.01045608520508
55.67598342895508
54.983619689941406
54.45949935913086
53.81386947631836
53.31919479370117
52.71238708496094
52.018798828125
51.51068115234375
51.61172866821289
50.92341613769531
50.66050338745117
50.46954345703125
49.93011474609375
49.708580017089844
49.330299377441406
49.13429260253906
49.0697135925293
48.46887969970703
48.42915344238281
48.23685073852539
48.229103088378906
47.94171905517578
47.70153045654297
47.396705627441406
47.47856140136719
47.31779098510742
47.43452835083008
46.74601745605469
46.61103439331055
46.78306579589844
46.42411422729492
46.03589630126953
46.330772399902344
46.04549789428711
46.04426193237305
46.00932693481445
45.51515579223633
45.430667877197266
45.3455696105957
45.214115142822266
45.25505828857422
45.15540313720703
45.25543212890625
45.00015640258789
44.97407913208008
44.7720947265625
44.70885467529297
44.57889175415039
44.61949920654297
44.7319450378418
44.771080017089844
44.42948913574219
44.385337829589844
44.06396484375
44.37940216064453
44.2612190246582
44.11677169799805
44.058406829833984
44.15949630737305
43.86663818359375
43.67576217651367
43.743587493896484
43.673118591308594
43.666542053222656
43.56318283081055
43.78858947753906
43.467140197753906
43.449462890625
43.31312561035156
43.373077392578125
43.41926193237305
43.62066650390625
43.35910415649414
43.69577407836914
43.23184585571289
43.17250442504883
43.18174743652344
43.24091720581055
43.09632110595703
43.14589309692383
43.0654411315918
42.97146987915039
43.06617736816406
43.065364837646484
43.10151290893555
42.997745513916016
43.144378662109375
42.63807678222656
43.10982131958008
42.91800308227539
43.146095275878906
43.24360656738281
43.008060455322266
42.72657012939453
42.73801803588867
43.065242767333984
42.99809646606445
42.70072555541992
42.81915283203125
42.5843505859375
42.99249267578125
42.660396575927734
42.67745590209961
42.879207611083984
42.81385803222656
42.994903564453125
42.62709426879883
42.49398422241211
42.61836242675781
42.24373245239258
42.317134857177734
42.25053787231445
42.376365661621094
42.189903259277344
42.465232849121094
42.460811614990234
42.337303161621094
42.292694091796875
42.28709030151367
41.93717575073242
42.09565353393555
42.069000244140625
42.36824035644531
42.272762298583984
42.21561050415039
42.09004592895508
42.12498474121094
42.09999084472656
41.873722076416016
41.99168395996094
42.28155517578125
42.131282806396484
41.892799377441406
41.84281921386719
41.86043167114258
42.16633987426758
42.15963363647461
42.25444030761719
42.353458404541016
42.252197265625
42.23760986328125
42.13765335083008
41.857975006103516
42.14695358276367
42.398223876953125
42.0121955871582
42.04381561279297
41.82109832763672
42.05710983276367
41.85358428955078
41.909698486328125
41.768463134765625
41.925052642822266
42.125999450683594
41.874229431152344
41.79853820800781
42.21689224243164
41.79148864746094
41.7353515625
41.82522964477539
41.82948684692383
42.01122283935547
41.81643295288086
41.62528610229492
41.485538482666016
41.82001876831055
41.54489517211914
41.685707092285156
41.653663635253906
41.57387161254883
41.48027038574219
41.56188201904297
41.497596740722656
41.79224395751953
41.47775650024414
41.55947494506836
41.48202896118164
41.57332229614258
41.422637939453125
41.40699005126953
41.36054992675781
41.27245330810547
41.4692268371582
41.235939025878906
41.3619270324707
41.51345443725586
41.13823318481445
41.495635986328125
41.50056457519531
41.2917594909668
41.58263397216797
41.30501174926758
41.32676696777344
41.59217834472656
41.378028869628906
41.40223693847656
41.60641098022461
41.326385498046875
41.57606506347656
41.3750114440918
41.30414962768555
41.349002838134766
41.404014587402344
41.51996994018555
41.438148498535156
41.48785400390625
41.537784576416016
41.335792541503906
41.6824836730957
41.29035186767578
41.26593780517578
41.532474517822266
41.33332443237305
41.263614654541016
41.15732955932617
40.97609329223633
41.30997848510742
41.59540939331055
41.32057571411133
41.3836555480957
41.327571868896484
41.412174224853516
41.16950225830078
41.209449768066406
41.452362060546875
41.465694427490234
41.273681640625
41.01799392700195
41.20332336425781
41.255165100097656
40.89053726196289
41.19937515258789
41.32722473144531
41.38523483276367
41.696678161621094
41.41783905029297
41.4852180480957
41.38699722290039
41.44263458251953
41.541839599609375
41.691925048828125
41.3072624206543
41.484779357910156
41.436004638671875
41.439605712890625
41.330406188964844
41.47827911376953
41.049339294433594
41.14081573486328
41.20661926269531
41.45500564575195
41.359397888183594
40.98579406738281
41.14219665527344
40.99626159667969
41.013336181640625
41.030426025390625
41.087772369384766
41.304500579833984
41.11250686645508
40.95481491088867
40.926212310791016
40.862518310546875
41.17457962036133
40.88242721557617
40.855167388916016
40.92657470703125
40.90562057495117
41.09446334838867
40.883941650390625
41.3450813293457
41.03218460083008
40.92048263549805
40.97138595581055
41.20802307128906
40.997032165527344
41.002166748046875
41.045658111572266
40.846920013427734
41.05607604980469
40.9041633605957
41.263702392578125
41.147525787353516
41.16689682006836
40.96017074584961
41.115928649902344
40.950279235839844
40.83990478515625
41.04300308227539
41.09325408935547
41.001365661621094
41.04568862915039
40.7920036315918
41.09824752807617
40.91225051879883
40.9030647277832
40.89847183227539
40.89271545410156
40.99836349487305
41.173728942871094
40.75075912475586
40.99501037597656
41.02301025390625
40.8607177734375
40.968238830566406
41.03235626220703
41.13063049316406
41.16196060180664
41.09602737426758
40.87368392944336
40.81577682495117
41.057167053222656
41.06629943847656
40.902896881103516
41.07282638549805
40.807640075683594
40.89292526245117
40.880306243896484
40.71489715576172
40.79369354248047
40.72853469848633
40.59868621826172
40.52880859375
40.63286590576172
40.395694732666016
40.74022674560547
40.438560485839844
40.69205856323242
40.569217681884766
40.587928771972656
40.89636993408203
40.70970916748047
40.72481918334961
40.76519012451172
40.72300338745117
40.44245529174805
40.812461853027344
40.7797966003418
40.74372100830078
40.76112747192383
41.03227615356445
40.790252685546875
40.83391189575195
40.87900924682617
41.0647087097168
40.599666595458984
41.12034606933594
40.96605682373047
40.92010498046875
41.098777770996094
40.82498550415039
40.7141227722168
41.06721115112305
40.910133361816406
40.826473236083984
40.571624755859375
41.10295867919922
40.7965202331543
40.742408752441406
40.63446807861328
40.676002502441406
40.74247360229492
40.48086166381836
40.509315490722656
40.76835250854492
40.596439361572266
40.672508239746094
40.42242431640625
40.40956497192383
40.612552642822266
40.54494857788086
40.4442024230957
40.454856872558594
40.429718017578125
40.78983688354492
40.84458923339844
40.8880729675293
40.605220794677734
40.5582160949707
40.43569564819336
40.12714767456055
40.31708908081055
40.25776672363281
40.335548400878906
40.32820510864258
40.303890228271484
40.25556182861328
40.18209457397461
40.28618240356445
40.15435028076172
40.16061782836914
40.07857131958008
40.423160552978516
40.27352523803711
40.160953521728516
40.378658294677734
40.20038986206055
39.99214172363281
39.88188171386719
40.144142150878906
40.08736038208008
40.232215881347656
40.05319595336914
40.190757751464844
40.20073318481445
39.896663665771484
40.307708740234375
40.47696304321289
40.0347785949707
40.18690872192383
40.193180084228516
40.08210372924805
40.05692672729492
40.083919525146484
40.03888702392578
40.08937454223633
40.01797103881836
40.04311752319336
40.14563751220703
40.23494338989258
40.27695083618164
40.1387825012207
39.857627868652344
40.179786682128906
39.907466888427734
40.1165885925293
40.38351058959961
40.0963249206543
40.30316925048828
39.98892593383789
40.112335205078125
40.145347595214844
39.80964660644531
40.066158294677734
39.89586639404297
39.864891052246094
40.10871887207031
40.11457061767578
40.00741958618164
39.99253845214844
39.799564361572266
39.93294906616211
39.9834098815918
39.9735107421875
40.23591613769531
40.0611686706543
40.157310485839844
39.804725646972656
39.74152755737305
40.11867904663086
39.926570892333984
39.9804573059082
40.07835006713867
39.841163635253906
40.09774398803711
39.95247268676758
39.92939376831055
40.27268981933594
39.993736267089844
40.066280364990234
39.8875732421875
39.94195556640625
40.2851676940918
40.09962463378906
40.009437561035156
40.092952728271484
39.68826675415039
39.826026916503906
39.969566345214844
39.88922882080078
40.232730865478516
39.831932067871094
39.91537094116211
40.11306381225586
39.92506790161133
40.12355422973633
40.16871643066406
39.84508514404297
39.92787551879883
39.81428527832031
39.988250732421875
40.14606857299805
39.948856353759766
39.79972839355469
40.021549224853516
39.955352783203125
39.8974494934082
40.089088439941406
40.04310607910156
39.90390396118164
39.78889465332031
40.03131866455078
39.87154006958008
40.36077880859375
39.859535217285156
39.96944046020508
39.916603088378906
40.19348907470703
39.83831787109375
39.965843200683594
39.751434326171875
39.832435607910156
39.9179573059082
39.656986236572266
39.73799133300781
39.89199447631836
40.17683029174805
39.958526611328125
40.023162841796875
39.8051643371582
39.900943756103516
39.74033737182617
39.82714080810547
39.69021224975586
39.8663444519043
39.901668548583984
39.75630569458008
39.826324462890625
39.92915725708008
39.85951232910156
39.9554328918457
39.850894927978516
39.971885681152344
39.857818603515625
39.726871490478516
39.83422088623047
39.879920959472656
39.88103103637695
39.908321380615234
39.600257873535156
39.8032112121582
40.13175964355469
39.99318313598633
39.859352111816406
40.08815383911133
39.80459213256836
39.93013381958008
39.99903869628906
39.801944732666016
40.052093505859375
39.88496398925781
40.011863708496094
39.73136901855469
39.99104309082031
40.086334228515625
40.1176872253418
39.76032638549805
39.80984878540039
39.78535842895508
40.060401916503906
39.93848419189453
39.735633850097656
39.794681549072266
39.582733154296875
39.854854583740234
39.7226676940918
40.19390106201172
39.691436767578125
39.73250961303711
39.979854583740234
40.04906463623047
39.99562454223633
39.9868049621582
40.1900749206543
39.88865280151367
39.80125427246094
39.71934127807617
39.765682220458984
39.772979736328125
39.8084602355957
39.842037200927734
39.866859436035156
40.03358459472656
39.89588165283203
39.809425354003906
39.918338775634766
40.06531524658203
39.9365234375
39.55509567260742
39.82126235961914
39.7669563293457
39.9472770690918
40.00473403930664
39.972503662109375
39.62522506713867
39.987709045410156
39.65865707397461
39.622833251953125
39.7160758972168
39.810909271240234
39.84758377075195
40.02861785888672
39.768043518066406
39.916099548339844
39.758522033691406
39.84960174560547
39.972042083740234
39.6161994934082
40.11661148071289
39.894290924072266
39.82280349731445
39.951454162597656
39.78254699707031
39.935916900634766
39.76456832885742
39.774959564208984
39.68514633178711
39.66536331176758
39.69807434082031
39.73487854003906
39.774078369140625
39.925811767578125
39.5890998840332
39.642086029052734
39.77855682373047
39.93132400512695
39.749534606933594
39.99728012084961
39.74287414550781
39.72952651977539
39.590476989746094
39.635772705078125
39.67668533325195
39.67085647583008
39.55262756347656
39.608394622802734
39.92216491699219
39.771690368652344
39.740116119384766
39.79319763183594
39.653438568115234
39.61161422729492
40.03657913208008
39.73770523071289
39.7899055480957
39.913455963134766
39.70109939575195
39.739952087402344
39.8853874206543
39.93393325805664
39.448368072509766
39.91853713989258
39.6157341003418
39.623844146728516
39.64264678955078
39.819976806640625
39.98213577270508
39.85777282714844
39.75840377807617
39.84360885620117
39.73423767089844
39.76509475708008
39.67909622192383
39.656917572021484
39.67615509033203
39.70259475708008
39.93772506713867
39.78664779663086
39.80282211303711
39.87176513671875
39.836002349853516
39.65632247924805
39.72362518310547
39.513145446777344
39.57213592529297
39.62877655029297
39.83762741088867
39.63587188720703
39.83837127685547
39.520206451416016
39.9257698059082
39.918521881103516
39.67597579956055
39.74797439575195
39.56401824951172
39.90453338623047
39.60262680053711
39.724205017089844
39.69062042236328
39.68913269042969
39.73230743408203
39.88127899169922
39.91604995727539
39.652652740478516
39.71311569213867
39.668296813964844
39.779632568359375
39.8955078125
39.93444061279297
39.52461242675781
39.84521484375
39.502010345458984
39.71517562866211
39.513153076171875
39.624107360839844
39.58123779296875
39.60165786743164
39.62382125854492
39.87556838989258
39.5858268737793
39.514163970947266
39.629093170166016
39.77606201171875
39.730831146240234
39.63833999633789
39.7767333984375
39.828460693359375
39.49870300292969
39.556617736816406
39.737548828125
39.618560791015625
39.75267028808594
39.59022521972656
39.62062072753906
39.74406814575195
39.84028244018555
40.00102996826172
39.67631149291992
39.778446197509766
39.71067810058594
39.60179138183594
39.880584716796875
39.6783561706543
39.63648986816406
39.6979866027832
39.60951614379883
39.484397888183594
39.488494873046875
39.781028747558594
39.7241325378418
39.672916412353516
39.989349365234375
39.814701080322266
39.56126403808594
40.0842170715332
39.868263244628906
40.015220642089844
39.532379150390625
39.9498176574707
39.74020767211914
39.79629898071289
39.53117370605469
39.79526138305664
39.688167572021484
39.49812316894531
39.85509490966797
39.86125564575195
39.974647521972656
39.47543716430664
39.786216735839844
39.66166687011719
39.71473693847656
39.733821868896484
39.585350036621094
39.81585693359375
39.95147705078125
39.73690414428711
39.687774658203125
39.68472671508789
39.74150085449219
39.74935531616211
39.86618423461914
39.95375442504883
39.81291961669922
39.692527770996094
39.63242721557617
39.60485076904297
39.64078140258789
39.59564971923828
39.647159576416016
39.95428466796875
39.537635803222656
39.518836975097656
39.58786392211914
39.732730865478516
39.82868957519531
39.5262336730957
39.6894416809082
39.77146911621094
39.7079963684082
39.68195724487305
39.769737243652344
39.73218536376953
40.32760238647461
39.73284912109375
39.66059875488281
40.10646438598633
39.628395080566406
39.75504684448242
39.63560104370117
39.48748779296875
39.610450744628906
39.7086296081543